+---------+--------+--------------------+
| # Epoch | # Step |     Train_loss     |
+---------+--------+--------------------+
|    1    |  1330  | 3.975622452291331  |
|    2    |  2660  | 3.6846109408184997 |
|    3    |  3990  | 3.3153844457819948 |
|    4    |  5320  | 3.111204111800158  |
|    5    |  6650  | 2.988266685582641  |
|    6    |  7980  | 2.880092599584644  |
|    7    |  9310  | 2.700006883260899  |
|    8    | 10640  | 2.6503825681886277 |
+---------+--------+--------------------+